기간	자치구	합계	합계	합계	합계	합계	합계	노상	노상	노상	노상	노상	노상	노외	노외	노외	노외	노외	노외	노외	노외	건축물부설	건축물부설	건축물부설	건축물부설	건축물부설	건축물부설	건축물부설	건축물부설
기간	자치구	계	계	공영	공영	민영	민영	계	계	시영	시영	구영	구영	계	계	시영	시영	구영	구영	민영	민영	계	계	일반주택	일반주택	공동주택	공동주택	일반건축물	일반건축물
기간	자치구	개소	면수	개소	면수	개소	면수	개소	면수	개소	면수	개소	면수	개소	면수	개소	면수	개소	면수	개소	면수	개소	면수	개소	면수	개소	면수	개소	면수
2018	서울시	306,438	4,129,723	9,838	193,859	296,600	3,935,864	8,767	121,810	75	2,219	8,692	119,591	2,045	110,172	64	15,409	1,007	56,640	974	38,123	295,626	3,897,741	121,716	296,633	82,675	2,120,044	91,235	1,481,064
2018	종로구	7,414	94,485	190	6,146	7,224	88,339	157	2,394	11	400	146	1,994	105	6,314	5	2,685	28	1,067	72	2,562	7,152	85,777	2,899	6,723	1,524	22,998	2,729	56,056
2018	중구	4,227	108,240	183	5,558	4,044	102,682	149	1,629	20	401	129	1,228	101	6,943	4	2,006	30	1,923	67	3,014	3,977	99,668	870	2,299	693	27,652	2,414	69,717
2018	용산구	7,058	113,341	404	6,511	6,654	106,830	367	3,649	2	21	365	3,628	61	3,310	4	856	33	2,006	24	448	6,630	106,382	2,491	6,743	2,089	60,203	2,050	39,436
2018	성동구	6,222	121,228	560	7,567	5,662	113,661	527	5,069	2	57	525	5,012	71	3,683	-	-	33	2,498	38	1,185	5,624	112,476	2,223	4,868	866	66,485	2,535	41,123
2018	광진구	16,382	129,859	409	5,979	15,973	123,880	363	3,426	1	18	362	3,408	68	3,261	-	-	46	2,553	22	708	15,951	123,172	8,728	21,964	3,552	55,349	3,671	45,859
2018	동대문구	9,375	135,626	59	6,751	9,316	128,875	29	4,471	2	134	27	4,337	47	2,754	2	159	28	2,121	17	474	9,299	128,401	3,929	9,010	1,653	72,674	3,717	46,717
2018	중랑구	18,644	127,195	572	12,121	18,072	115,074	516	7,464	1	63	515	7,401	96	6,193	2	417	54	4,240	40	1,536	18,032	113,538	6,193	13,772	2,956	67,093	8,883	32,673
2018	성북구	12,965	155,244	201	7,269	12,764	147,975	125	5,695	1	26	124	5,669	164	3,762	1	21	75	1,553	88	2,188	12,676	145,787	5,963	14,948	3,011	91,486	3,702	39,353
2018	강북구	10,830	89,173	62	5,416	10,768	83,757	23	3,162	1	21	22	3,141	57	2,688	-	-	39	2,254	18	434	10,750	83,323	5,373	10,995	3,322	53,042	2,055	19,286
2018	도봉구	9,703	112,583	501	6,015	9,202	106,568	460	3,535	-	-	460	3,535	61	3,028	4	1,111	37	1,369	20	548	9,182	106,020	4,316	10,046	2,894	71,832	1,972	24,142
2018	노원구	6,630	175,831	181	3,992	6,449	171,839	146	2,292	2	123	144	2,169	51	2,676	4	404	31	1,296	16	976	6,433	170,863	2,412	7,640	1,696	121,503	2,325	41,720
2018	은평구	17,662	159,015	133	5,953	17,529	153,062	108	3,900	1	14	107	3,886	73	3,247	1	401	24	1,652	48	1,194	17,481	151,868	6,439	13,002	7,867	107,423	3,175	31,443
2018	서대문구	11,678	115,993	692	6,033	10,986	109,960	603	4,275	2	18	601	4,257	156	4,016	1	27	88	1,731	67	2,258	10,919	107,702	5,170	13,076	3,166	51,829	2,583	42,797
2018	마포구	14,146	179,349	47	6,901	14,099	172,448	29	4,657	-	-	29	4,657	87	4,742	2	528	16	1,716	69	2,498	14,030	169,950	5,525	13,992	3,508	83,246	4,997	72,712
2018	양천구	11,870	162,040	538	7,125	11,332	154,915	490	2,977	1	31	489	2,946	60	5,664	3	177	45	3,971	12	1,516	11,320	153,399	4,339	8,504	4,242	103,704	2,739	41,191
2018	강서구	17,604	260,730	689	8,599	16,915	252,131	659	4,940	2	148	657	4,792	54	5,069	10	1,343	20	2,316	24	1,410	16,891	250,721	5,737	12,836	6,985	141,048	4,169	96,837
2018	구로구	10,466	178,806	361	5,586	10,105	173,220	335	3,601	8	214	327	3,387	59	2,841	3	516	23	1,469	33	856	10,072	172,364	4,986	9,663	2,641	94,610	2,445	68,091
2018	금천구	8,377	119,994	69	4,192	8,308	115,802	32	2,651	2	61	30	2,590	48	1,870	1	129	36	1,412	11	329	8,297	115,473	3,576	7,306	2,203	40,345	2,518	67,822
2018	영등포구	10,082	170,574	2,134	9,404	7,948	161,170	2,102	5,766	8	206	2,094	5,560	65	5,770	3	946	29	2,692	33	2,132	7,915	159,038	4,871	9,985	1,299	73,219	1,745	75,834
2018	동작구	11,879	128,893	132	3,810	11,747	125,083	95	2,747	1	24	94	2,723	47	1,667	1	78	36	985	10	604	11,737	124,479	5,641	12,618	3,640	81,289	2,456	30,572
2018	관악구	20,271	151,070	64	7,374	20,207	143,696	29	5,618	1	67	28	5,551	86	2,835	2	93	33	1,663	51	1,079	20,156	142,617	10,527	22,888	4,573	78,735	5,056	40,994
2018	서초구	12,820	277,211	864	8,519	11,956	268,692	835	5,946	1	50	834	5,896	92	8,030	1	185	28	2,388	63	5,457	11,893	263,235	3,333	11,886	2,958	137,433	5,602	113,916
2018	강남구	20,354	390,191	107	14,824	20,247	375,367	73	9,284	4	94	69	9,190	119	8,516	5	934	29	4,606	85	2,976	20,162	372,391	6,528	24,316	3,909	149,350	9,725	198,725
2018	송파구	17,200	305,199	651	20,439	16,549	284,760	494	14,122	1	28	493	14,094	181	7,270	3	946	154	5,371	24	953	16,525	283,807	4,009	12,349	7,726	170,825	4,790	100,633
2018	강동구	12,579	167,853	35	11,775	12,544	156,078	21	8,540	-	-	21	8,540	36	4,023	2	1,447	12	1,788	22	788	12,522	155,290	5,638	15,204	3,702	96,671	3,182	43,415